1 1 1 1 1 1 1 1 1 1 1 1 1 
1 0 0 0 2 0 0 2 0 0 6 6 1 
1 0 0 0 2 0 0 0 0 2 0 0 1 
1 0 0 1 2 3 2 0 0 2 0 0 1 
1 0 0 0 2 0 4 0 1 1 0 2 1 
1 0 1 0 1 0 0 0 0 0 0 2 1 
1 0 0 0 2 0 0 0 1 0 2 0 1 
1 2 0 6 0 0 0 5 0 2 0 0 1 
1 2 0 0 1 0 0 0 0 2 0 0 1 
1 6 0 2 0 0 2 0 2 2 1 0 1 
1 0 4 0 0 0 2 0 0 4 0 4 1 
1 0 6 0 0 0 0 0 0 2 0 0 1 
1 1 0 7 4 0 0 0 0 2 0 2 1 
1 2 0 0 0 2 0 0 0 2 1 2 1 
1 1 1 1 1 1 1 1 1 1 1 1 1 
1 true 2 5 2 1 5 0
4 true 3 1 3
2 true 4 5 3 4 5 5 5 6 5 7 5 8 5 9 5 10 5 11 5 12 5 1010
2 true 4 7 3 4 7 5 7 6 7 1010
5 true 8 5 3 5 false
5 true 12 7 3 5 false
 9999