1 1 1 1 1 1 1 1 1 1 1 1 1 
1 0 0 0 0 2 0 0 0 0 0 4 1 
1 2 0 0 0 0 0 2 0 0 0 0 1 
1 0 0 0 7 1 0 0 0 0 0 0 1 
1 0 0 0 0 1 0 0 0 0 0 0 1 
1 0 0 2 0 0 0 0 0 2 0 0 1 
1 0 0 2 0 0 0 0 0 0 0 0 1 
1 0 0 2 0 0 0 0 0 0 0 0 1 
1 0 0 0 0 0 0 0 0 0 3 0 1 
1 0 0 0 0 0 0 2 0 1 6 0 1 
1 1 0 0 2 1 0 0 2 0 2 2 1 
1 0 6 0 0 0 0 0 0 0 0 0 1 
1 0 2 0 1 2 0 1 1 2 0 0 1 
1 1 0 0 1 0 0 0 0 4 0 0 1 
1 1 1 1 1 1 1 1 1 1 1 1 1 
5 true 2 2 3 5 false
4 true 2 9 3
4 true 3 7 3
4 true 5 6 3
5 true 6 1 3 5 false
4 true 7 7 3
1 true 12 10 2 1 5 0
 9999