1 1 1 1 1 1 1 1 1 1 1 1 1 
1 1 1 1 1 1 1 1 1 1 1 1 1 
1 0 0 1 0 1 1 1 1 1 1 1 1 
1 0 0 1 0 1 1 0 0 0 0 1 1 
1 0 0 1 0 1 1 0 0 0 0 1 1 
1 0 0 1 0 1 1 0 0 0 0 1 1 
1 1 1 1 0 1 1 1 1 1 1 1 1 
1 1 1 1 0 0 0 0 0 0 0 7 1 
1 1 0 1 0 1 1 1 1 1 1 1 1 
1 0 0 1 0 1 0 0 0 0 0 1 1 
1 1 0 1 1 1 0 0 0 0 0 1 1 
1 1 0 1 1 1 0 0 0 0 0 1 1 
1 1 0 1 1 1 1 1 1 1 1 1 1 
1 1 1 1 1 1 1 1 1 1 1 1 1 
1 1 1 1 1 1 1 1 1 1 1 1 1 
2 true 2 2 3 2 2 3 2 4 2 5 2 5 1 4 1 3 1 2 1 1010
1 true 2 4 2 1 5 0
3 true 3 7 3 5 false
 3 7 4 7 5 7 1010
3 true 3 8 3 5 false
 3 8 4 8 5 8 1010
3 true 3 9 3 5 false
 3 9 4 9 5 9 1010
3 true 3 10 3 5 false
 3 10 4 10 5 10 1010
4 true 9 1 3
5 true 10 6 3 5 false
5 true 10 7 3 5 false
5 true 10 8 3 5 false
5 true 10 9 3 5 false
5 true 10 10 3 5 false
 9999