1 1 1 1 1 1 1 1 1 1 1 1 1 
1 0 1 7 0 0 0 0 0 0 0 0 1 
1 0 1 1 1 1 1 1 1 1 1 0 1 
1 0 0 0 0 1 0 0 0 0 1 0 1 
1 1 1 1 0 0 0 0 0 0 1 0 1 
1 0 0 0 0 1 0 0 0 0 1 0 1 
1 0 1 1 1 1 1 1 1 1 1 0 1 
1 0 0 0 0 1 0 0 0 0 1 0 1 
1 1 1 1 0 0 0 0 0 0 1 0 1 
1 0 0 0 0 1 0 0 0 0 1 0 1 
1 0 1 1 1 1 1 1 1 1 1 0 1 
1 0 1 0 0 0 0 0 0 0 0 0 1 
1 0 1 0 1 1 1 1 0 1 1 0 1 
1 0 0 0 0 0 1 0 0 0 1 0 1 
1 1 1 1 1 1 1 1 1 1 1 1 1 
1 true 1 1 2 1 5 0
3 true 3 9 3 4 false
 3 9 3 8 3 7 4 7 5 7 5 8 5 9 1010
3 true 7 9 3 4 false
 7 9 7 8 7 7 7 6 8 6 9 6 9 7 9 8 9 9 1010
3 true 13 5 3 4 false
 13 5 1010
3 true 13 7 3 4 false
 13 7 1010
3 true 13 9 3 4 false
 13 9 1010
 9999