1 1 1 1 1 1 1 1 1 1 1 1 1 
1 0 0 0 0 0 0 0 0 0 0 0 1 
1 1 0 0 2 0 1 1 0 0 2 0 1 
1 1 2 2 2 2 1 1 2 2 2 2 1 
1 1 0 0 2 0 1 1 0 0 2 0 1 
1 0 0 0 0 0 0 1 0 0 0 0 1 
1 1 1 1 1 1 0 1 1 1 7 0 1 
1 0 0 0 0 1 0 0 2 1 1 1 1 
1 0 0 0 0 1 2 2 2 2 0 0 1 
1 0 0 0 0 0 1 1 2 0 0 0 1 
1 1 0 0 2 0 0 1 0 0 2 0 1 
1 1 2 2 2 2 0 1 2 2 2 2 1 
1 1 0 0 2 0 0 1 0 0 2 0 1 
1 0 0 0 0 0 0 0 0 0 0 0 1 
1 1 1 1 1 1 1 1 1 1 1 1 1 
3 true 1 1 3 4 false
 1 1 1 2 1 3 1 4 1 5 2 5 1010
2 true 2 8 3 2 8 1 8 1 7 1 6 1 5 2 5 1010
2 true 2 11 3 2 11 1 11 1 10 1 9 2 9 1010
2 true 5 1 3 5 1 5 2 5 3 5 4 5 5 4 5 1010
3 true 5 8 3 4 false
 5 8 5 9 5 10 5 11 6 11 1010
2 true 6 6 3 6 6 7 6 1010
1 true 7 1 2 1 5 0
2 true 10 8 3 10 8 10 9 9 9 9 10 9 11 10 11 1010
2 true 12 8 3 12 8 12 9 13 9 13 10 13 11 12 11 1010
2 true 13 1 3 13 1 13 2 13 3 13 4 13 5 12 5 12 6 11 6 10 6 10 5 9 5 9 4 9 3 9 2 9 1 1010
 9999