1 1 1 1 1 1 1 1 1 1 1 1 1 
1 0 0 0 0 0 0 0 0 0 0 0 1 
1 0 0 0 0 0 0 0 0 0 2 0 1 
1 0 0 0 0 0 0 0 0 0 2 0 1 
1 1 1 1 1 1 1 1 1 0 0 0 1 
1 0 0 0 0 0 0 0 0 0 0 0 1 
1 0 2 0 0 0 0 0 0 0 2 0 1 
1 0 2 0 0 0 0 0 0 0 2 0 1 
1 0 0 0 0 0 0 0 0 0 0 0 1 
1 0 0 0 1 1 1 1 1 1 1 1 1 
1 0 2 0 0 0 0 0 0 0 0 0 1 
1 0 2 0 0 0 0 0 0 2 0 0 1 
1 0 2 0 0 0 0 0 0 2 0 0 1 
1 0 0 0 0 0 0 0 0 0 0 7 1 
1 1 1 1 1 1 1 1 1 1 1 1 1 
1 true 1 1 2 1 5 0
2 true 1 9 3 1 9 1 10 1 11 2 11 3 11 4 11 4 10 4 9 3 9 2 9 1010
2 true 1 11 3 1 11 2 11 3 11 4 11 4 10 4 9 3 9 2 9 1 9 1 10 1010
2 true 4 9 3 4 9 3 9 2 9 1 9 1 10 1 11 2 11 3 11 4 11 4 10 1010
2 true 4 11 3 4 11 4 10 4 9 3 9 2 9 1 9 1 10 1 11 2 11 3 11 1010
2 true 5 3 3 5 3 6 3 7 3 8 3 8 2 8 1 7 1 6 1 5 1 5 2 1010
2 true 5 11 3 5 11 6 11 7 11 8 11 8 10 8 9 7 9 6 9 5 9 5 10 1010
2 true 9 3 3 9 3 10 3 11 3 12 3 13 3 13 2 13 1 12 1 11 1 10 1 9 1 9 2 1010
3 true 10 10 3 4 false
 10 10 11 10 12 10 13 10 13 9 13 8 12 8 11 8 10 8 10 9 1010
 9999