1 1 1 1 1 1 1 1 1 1 1 1 1 
1 0 0 0 0 4 0 0 0 1 0 0 1 
1 0 0 0 0 0 0 0 0 2 0 0 1 
1 0 0 0 0 0 0 2 0 7 1 0 1 
1 0 2 0 0 2 0 0 0 0 0 0 1 
1 0 0 2 0 0 0 0 0 0 0 1 1 
1 0 0 0 0 0 0 1 0 0 2 0 1 
1 0 0 0 4 0 1 0 0 0 0 0 1 
1 0 0 0 1 0 0 0 0 2 0 0 1 
1 2 0 0 0 1 0 0 0 0 0 0 1 
1 0 0 0 0 0 0 2 0 0 0 1 1 
1 0 0 5 0 0 0 3 0 1 0 0 1 
1 5 2 0 0 2 0 0 0 0 0 0 1 
1 0 0 2 0 2 2 0 0 2 0 1 1 
1 1 1 1 1 1 1 1 1 1 1 1 1 
2 true 1 8 5 1 8 2 8 3 8 4 8 5 8 6 8 1010
2 true 6 11 5 6 11 7 11 7 10 1010
1 true 11 1 2 1 5 0
 9999