1 1 1 1 1 1 1 1 1 1 1 1 1 
1 0 1 0 0 2 0 0 0 0 0 0 1 
1 2 0 0 0 0 0 0 0 0 0 0 1 
1 0 0 0 0 0 0 0 0 2 5 0 1 
1 2 0 0 1 0 0 0 0 0 0 1 1 
1 0 0 2 0 0 0 0 0 2 0 1 1 
1 5 4 0 0 2 0 0 0 0 0 0 1 
1 2 0 0 0 2 0 0 0 0 1 0 1 
1 0 1 0 0 1 0 0 0 0 0 0 1 
1 0 0 0 0 0 0 0 2 0 0 1 1 
1 0 1 0 0 0 0 0 0 3 0 1 1 
1 0 0 0 2 2 0 0 0 0 0 0 1 
1 0 0 0 0 2 0 2 2 0 7 0 1 
1 0 0 0 0 0 0 0 3 0 0 0 1 
1 1 1 1 1 1 1 1 1 1 1 1 1 
3 true 2 6 5 5 false
 2 6 2 5 2 4 2 3 2 2 3 2 3 3 3 4 3 5 3 6 1010
2 true 2 8 5 2 8 3 8 4 8 5 8 6 8 7 8 1010
3 true 5 5 5 5 false
 5 5 5 4 6 4 7 4 8 4 1010
5 true 5 6 3 5 false
5 true 5 7 3 5 false
3 true 5 8 5 5 false
 5 8 6 8 6 7 7 7 8 7 9 7 1010
1 true 7 6 2 1 5 0
5 true 7 8 3 5 false
4 true 8 11 3
5 true 9 6 3 5 false
4 true 12 2 3
4 true 13 9 3
 9999