1 1 1 1 1 1 1 1 1 1 1 1 1 
1 0 0 0 0 0 2 0 0 1 0 0 1 
1 0 0 0 0 0 0 0 2 0 1 0 1 
1 0 0 0 0 0 0 0 0 0 0 0 1 
1 0 0 0 0 0 1 1 0 0 7 0 1 
1 0 0 0 0 0 5 0 0 0 0 0 1 
1 0 2 0 2 0 2 0 0 0 2 0 1 
1 0 0 0 0 0 1 0 5 0 2 0 1 
1 0 0 2 0 1 0 0 0 2 4 0 1 
1 0 0 0 0 0 2 2 0 2 2 0 1 
1 0 0 1 0 0 0 0 0 0 1 0 1 
1 0 0 0 0 0 0 0 0 0 3 0 1 
1 1 0 0 0 0 0 0 4 0 0 0 1 
1 0 2 0 0 0 0 1 0 0 2 0 1 
1 1 1 1 1 1 1 1 1 1 1 1 1 
2 true 3 8 5 3 8 4 8 5 8 6 8 6 7 1010
3 true 4 4 5 5 false
 4 4 5 4 5 3 6 3 7 3 7 4 8 4 1010
3 true 9 3 5 5 false
 9 3 9 2 10 2 11 2 11 1 10 1 9 1 1010
1 true 9 4 2 1 5 0
2 true 11 5 5 11 5 11 6 11 7 11 8 10 8 10 7 10 6 10 5 1010
 9999