1 1 1 1 1 1 1 1 1 1 1 1 1 
1 0 0 0 0 0 2 0 6 0 0 0 1 
1 0 0 0 0 0 0 4 0 0 0 0 1 
1 2 0 2 1 0 0 0 0 0 0 0 1 
1 0 0 2 2 0 0 0 0 0 0 2 1 
1 0 0 0 0 0 0 0 0 0 0 0 1 
1 0 0 1 2 2 2 3 0 0 0 0 1 
1 2 2 2 0 2 2 1 0 0 3 0 1 
1 0 7 6 0 0 6 0 0 0 0 2 1 
1 0 0 0 0 0 1 2 0 2 0 2 1 
1 0 0 0 1 0 0 0 0 0 0 0 1 
1 1 2 1 0 0 0 0 0 1 0 0 1 
1 0 0 0 0 0 0 0 0 0 0 0 1 
1 1 0 0 1 0 2 0 0 2 0 0 1 
1 1 1 1 1 1 1 1 1 1 1 1 1 
1 true 3 7 2 1 5 0
2 true 9 1 3 9 1 9 2 9 3 9 4 9 5 1010
5 true 10 1 3 5 false
5 true 10 5 3 5 false
 9999