1 1 1 1 1 1 1 1 1 1 1 1 1 
1 2 0 0 2 0 0 2 0 0 0 2 1 
1 0 0 3 0 0 2 2 0 0 0 0 1 
1 4 0 0 3 0 0 0 0 0 0 1 1 
1 4 0 0 0 0 0 0 0 0 1 0 1 
1 0 0 0 0 0 0 0 0 0 0 0 1 
1 0 1 0 0 0 2 1 2 0 0 1 1 
1 0 0 0 0 0 0 0 0 0 0 5 1 
1 0 0 0 0 0 0 0 0 0 0 0 1 
1 0 6 1 0 0 1 2 1 0 0 2 1 
1 2 3 0 0 0 0 0 0 0 0 0 1 
1 0 0 0 0 2 2 0 0 0 0 0 1 
1 0 1 0 0 0 0 0 0 2 7 0 1 
1 1 2 0 0 0 0 0 0 0 0 0 1 
1 1 1 1 1 1 1 1 1 1 1 1 1 
1 true 3 2 2 1 5 0
2 true 4 5 3 4 5 5 5 6 5 7 5 8 5 9 5 1010
4 true 4 9 3
5 true 5 9 3 5 false
5 true 8 3 3 5 false
4 true 10 5 3
3 true 10 10 3 4 false
 10 10 9 10 8 10 8 9 8 8 8 7 1010
2 true 12 4 3 12 4 11 4 10 4 9 4 8 4 7 4 6 4 5 4 1010
3 true 12 8 3 4 false
 12 8 11 8 11 9 11 10 1010
 9999