0 0 2
0 1 2
0 2 2
0 3 2
0 4 2
0 5 2
0 6 2
0 7 2
0 8 2
0 9 2
0 10 2
0 11 2
0 12 2
1 0 2
1 1 3 0 5 true 2 1 false
1 2 0
1 3 1
1 4 0
1 5 0
1 6 6
1 7 1
1 8 0
1 9 1
1 10 0
1 11 3 1 5 true 2 1 false
1 12 2
2 0 2
2 1 0
2 2 2
2 3 0
2 4 2
2 5 0
2 6 2
2 7 0
2 8 2
2 9 0
2 10 2
2 11 0
2 12 2
3 0 2
3 1 1
3 2 2
3 3 2
3 4 2
3 5 2
3 6 2
3 7 2
3 8 2
3 9 2
3 10 2
3 11 6
3 12 2
4 0 2
4 1 0
4 2 0
4 3 0
4 4 0
4 5 0
4 6 0
4 7 0
4 8 0
4 9 0
4 10 0
4 11 0
4 12 2
5 0 2
5 1 0
5 2 2
5 3 2
5 4 2
5 5 2
5 6 0
5 7 2
5 8 2
5 9 2
5 10 2
5 11 0
5 12 2
6 0 2
6 1 0
6 2 2
6 3 2
6 4 2
6 5 2
6 6 2
6 7 2
6 8 2
6 9 2
6 10 2
6 11 0
6 12 2
7 0 2
7 1 1
7 2 1
7 3 2
7 4 2
7 5 2
7 6 2
7 7 2
7 8 2
7 9 2
7 10 1
7 11 0
7 12 2
8 0 2
8 1 0
8 2 2
8 3 2
8 4 2
8 5 2
8 6 2
8 7 2
8 8 2
8 9 2
8 10 2
8 11 0
8 12 2
9 0 2
9 1 0
9 2 2
9 3 2
9 4 2
9 5 2
9 6 0
9 7 2
9 8 2
9 9 2
9 10 2
9 11 0
9 12 2
10 0 2
10 1 1
10 2 0
10 3 0
10 4 0
10 5 0
10 6 0
10 7 0
10 8 0
10 9 0
10 10 0
10 11 0
10 12 2
11 0 2
11 1 1
11 2 2
11 3 2
11 4 2
11 5 2
11 6 2
11 7 2
11 8 2
11 9 2
11 10 2
11 11 5
11 12 2
12 0 2
12 1 0
12 2 2
12 3 6
12 4 2
12 5 0
12 6 2
12 7 0
12 8 2
12 9 1
12 10 2
12 11 0
12 12 2
13 0 2
13 1 3 2 5 true 2 1 false
13 2 0
13 3 1
13 4 0
13 5 1
13 6 1
13 7 0
13 8 0
13 9 8
13 10 0
13 11 3 3 5 true 2 1 false
13 12 2
14 0 2
14 1 2
14 2 2
14 3 2
14 4 2
14 5 2
14 6 2
14 7 2
14 8 2
14 9 2
14 10 2
14 11 2
14 12 2
